DENISE trained 300 epochs with 800000 10x10 rank 3 matrices.
DENISE: 

L: 
 [[ 2.1487059e-02  4.7080807e-02 -4.1646017e-03 -8.1703803e-03
  -2.2882511e-01 -4.9489187e-03  6.0778517e-02 -3.9757653e-03
  -8.3229449e-03  5.6563714e-04]
 [ 4.7080807e-02  2.7032447e+00 -1.5679087e-02 -1.7404252e-03
   2.8125441e-02 -1.2725910e-02  1.9452365e-03  7.8036055e-02
   3.1673118e-02 -7.7135503e-02]
 [-4.1646017e-03 -1.5679087e-02  4.2645875e-03  1.8872223e-03
   5.3145841e-02 -1.2804304e-04 -1.3338563e-02  1.1209050e-03
   8.9777507e-02  2.9072221e-04]
 [-8.1703803e-03 -1.7404252e-03  1.8872223e-03  3.2416880e-03
   9.1315210e-02  1.7608171e-03 -2.4115616e-02  2.1079332e-03
   1.2311635e-02 -6.8195548e-04]
 [-2.2882511e-01  2.8125441e-02  5.3145841e-02  9.1315210e-02
   2.5745161e+00  4.9105115e-02 -6.7954379e-01  6.1680946e-02
   3.5872301e-01 -2.1387802e-02]
 [-4.9489187e-03 -1.2725910e-02 -1.2804304e-04  1.7608171e-03
   4.9105115e-02  1.4877474e-03 -1.3303983e-02  6.7233411e-04
  -2.6138484e-02 -1.3790060e-04]
 [ 6.0778517e-02  1.9452365e-03 -1.3338563e-02 -2.4115616e-02
  -6.7954379e-01 -1.3303983e-02  1.7957926e-01 -1.5936509e-02
  -7.4539386e-02  5.4442482e-03]
 [-3.9757653e-03  7.8036055e-02  1.1209050e-03  2.1079332e-03
   6.1680946e-02  6.7233411e-04 -1.5936509e-02  3.7239089e-03
   1.7804855e-02 -2.6859716e-03]
 [-8.3229449e-03  3.1673118e-02  8.9777507e-02  1.2311635e-02
   3.5872301e-01 -2.6138484e-02 -7.4539386e-02  1.7804855e-02
   2.2696302e+00  3.4800549e-03]
 [ 5.6563714e-04 -7.7135503e-02  2.9072221e-04 -6.8195548e-04
  -2.1387802e-02 -1.3790060e-04  5.4442482e-03 -2.6859716e-03
   3.4800549e-03  2.3893127e-03]]

S: 
[[ 0.97851294  0.51364324  0.79864294  0.48088355  0.00888776  0.6427065
   0.68389783  0.56889718  0.43043463  0.34620053]
 [ 0.51364324 -1.70324469  0.70070475  0.15309793 -0.79477878  0.31445633
   0.93350062  0.75880719  0.19501689  0.172399  ]
 [ 0.79864294  0.70070475  0.99573541  0.42710692 -0.5637219   0.4534039
   0.82247528  0.72784697  0.07702688  0.16901188]
 [ 0.48088355  0.15309793  0.42710692  0.99675831 -0.0096417   0.5274671
   0.28857195  0.08830459  0.20565535  0.45559716]
 [ 0.00888776 -0.79477878 -0.5637219  -0.0096417  -1.57451606  0.00295293
  -0.02049905 -0.8288255  -0.03129279  0.45453093]
 [ 0.6427065   0.31445633  0.4534039   0.5274671   0.00295293  0.99851225
   0.46667291  0.34482531  0.62670224  0.66441248]
 [ 0.68389783  0.93350062  0.82247528  0.28857195 -0.02049905  0.46667291
   0.82042074  0.8905769   0.39311009  0.11782212]
 [ 0.56889718  0.75880719  0.72784697  0.08830459 -0.8288255   0.34482531
   0.8905769   0.99627609  0.16132011 -0.02784935]
 [ 0.43043463  0.19501689  0.07702688  0.20565535 -0.03129279  0.62670224
   0.39311009  0.16132011 -1.26963019  0.6711163 ]
 [ 0.34620053  0.172399    0.16901188  0.45559716  0.45453093  0.66441248
   0.11782212 -0.02784935  0.6711163   0.99761069]]

------------

pcp: 

L: 
[[ 0.57312242  0.54059905  0.67038761  0.44645562 -0.25511876  0.58694039
   0.54397177  0.39509424  0.36613161  0.41273628]
 [ 0.48724469  1.02703129  0.72170864  0.08647324 -0.82438351  0.35535212
   0.92251052  0.79922007  0.33208944  0.02386548]
 [ 0.52948946  0.60735015  0.75633488  0.38943435 -0.47823531  0.40606951
   0.59028982  0.48288417  0.10822958  0.13887096]
 [ 0.54298789  0.23101345  0.59434721  0.57861082  0.01888057  0.59260324
   0.28749706  0.15421576  0.26209649  0.49570692]
 [-0.21102144 -0.81998064 -0.54609561  0.11605113  0.91514811  0.07517298
  -0.70401221 -0.68913774  0.13062018  0.42791457]
 [ 0.49046756  0.28155751  0.41396347  0.44192888  0.10629013  0.66020854
   0.31846021  0.15962358  0.54756634  0.64313519]
 [ 0.63709132  1.10340984  0.8885955   0.23947454 -0.83209127  0.51620868
   1.01208593  0.85194789  0.40598734  0.15423821]
 [ 0.52491599  1.02152128  0.79109529  0.14799752 -0.83985402  0.36777036
   0.92507215  0.80166754  0.2760929   0.01413244]
 [ 0.29105674  0.25898875  0.09513415  0.1618199   0.17038196  0.54483626
   0.26309717  0.12157246  0.70725433  0.62060706]
 [ 0.4976839   0.16384445  0.31692569  0.49003571  0.32117096  0.77179179
   0.22419132  0.04305967  0.70379663  0.8404166 ]]

S: 
[[ 0.42687758 -0.          0.12409073  0.          0.          0.
   0.20070459  0.          0.         -0.06597011]
 [-0.          0.          0.          0.         -0.         -0.
   0.          0.          0.          0.07139802]
 [ 0.26498888  0.          0.24366512  0.          0.         -0.
   0.          0.23024215 -0.          0.        ]
 [ 0.          0.          0.          0.42138918 -0.          0.
  -0.         -0.06380324 -0.04412951  0.        ]
 [ 0.         -0.          0.         -0.          0.08485189 -0.02311494
  -0.         -0.07138922  0.19681004  0.        ]
 [ 0.         -0.         -0.          0.00233696 -0.01221977  0.33979146
  -0.          0.14167533  0.          0.        ]
 [ 0.10758503  0.          0.         -0.         -0.         -0.
   0.         -0.          0.         -0.        ]
 [ 0.          0.          0.         -0.05758499 -0.          0.
  -0.          0.19833246  0.         -0.        ]
 [ 0.          0.         -0.         -0.          0.15704826  0.
   0.          0.          0.29274567  0.05398929]
 [-0.15091773  0.          0.          0.          0.          0.
  -0.         -0.          0.          0.1595834 ]]

------------

M: 
[[ 1.          0.56072405  0.79447834  0.47271317 -0.21993735  0.63775758
   0.74467635  0.56492142  0.42211169  0.34676617]
 [ 0.56072405  1.          0.68502566  0.15135751 -0.76665334  0.30173041
   0.93544585  0.83684324  0.22669001  0.0952635 ]
 [ 0.79447834  0.68502566  1.          0.42899415 -0.51057606  0.45327586
   0.80913672  0.72896788  0.16680439  0.1693026 ]
 [ 0.47271317  0.15135751  0.42899415  1.          0.08167351  0.52922792
   0.26445634  0.09041253  0.21796698  0.45491521]
 [-0.21993735 -0.76665334 -0.51057606  0.08167351  1.          0.05205804
  -0.70004285 -0.76714456  0.32743022  0.43314313]
 [ 0.63775758  0.30173041  0.45327586  0.52922792  0.05205804  1.
   0.45336892  0.34549764  0.60056376  0.66427458]
 [ 0.74467635  0.93544585  0.80913672  0.26445634 -0.70004285  0.45336892
   1.          0.87464039  0.3185707   0.12326636]
 [ 0.56492142  0.83684324  0.72896788  0.09041253 -0.76714456  0.34549764
   0.87464039  1.          0.17912497 -0.03053532]
 [ 0.42211169  0.22669001  0.16680439  0.21796698  0.32743022  0.60056376
   0.3185707   0.17912497  1.          0.67459635]
 [ 0.34676617  0.0952635   0.1693026   0.45491521  0.43314313  0.66427458
   0.12326636 -0.03053532  0.67459635  1.        ]]

Relative Error of L : 1.0696878789960864
Relative Error of S: 5.743252119598506
