DENISE trained 300 epochs with 800000 10x10 rank 3 matrices.
DENISE: 

L: 
 [[ 3.1975944e-02  4.6141237e-02 -5.2037500e-03 -1.0299408e-02
  -2.8141391e-01  1.1573898e-03  7.4869104e-02 -5.2266307e-03
  -1.4084913e-02  1.0884214e-03]
 [ 4.6141237e-02  2.7037544e+00 -1.5781105e-02 -1.7103476e-03
   2.8277079e-02 -1.3953300e-02  1.7684370e-03  7.8380845e-02
   3.1888887e-02 -7.7405848e-02]
 [-5.2037500e-03 -1.5781105e-02  4.5196055e-03  1.9661097e-03
   5.4560356e-02 -1.3615059e-03 -1.3615115e-02  1.1240004e-03
   9.3011603e-02  2.6228203e-04]
 [-1.0299408e-02 -1.7103476e-03  1.9661097e-03  3.4131005e-03
   9.3728922e-02 -5.6171807e-04 -2.4805449e-02  2.1613070e-03
   1.3052120e-02 -7.2702690e-04]
 [-2.8141391e-01  2.8277079e-02  5.4560356e-02  9.3728922e-02
   2.5763237e+00 -1.6152646e-02 -6.8130964e-01  6.1658021e-02
   3.8490298e-01 -2.2054614e-02]
 [ 1.1573898e-03 -1.3953300e-02 -1.3615059e-03 -5.6171807e-04
  -1.6152646e-02  5.4403476e-04  3.9307647e-03 -8.8017015e-04
  -3.1276993e-02  4.4303731e-04]
 [ 7.4869104e-02  1.7684370e-03 -1.3615115e-02 -2.4805449e-02
  -6.8130964e-01  3.9307647e-03  1.8043569e-01 -1.5962753e-02
  -7.9051018e-02  5.6381533e-03]
 [-5.2266307e-03  7.8380845e-02  1.1240004e-03  2.1613070e-03
   6.1658021e-02 -8.8017015e-04 -1.5962753e-02  3.7346424e-03
   1.7534180e-02 -2.7225355e-03]
 [-1.4084913e-02  3.1888887e-02  9.3011603e-02  1.3052120e-02
   3.8490298e-01 -3.1276993e-02 -7.9051018e-02  1.7534180e-02
   2.2721696e+00  2.7339200e-03]
 [ 1.0884214e-03 -7.7405848e-02  2.6228203e-04 -7.2702690e-04
  -2.2054614e-02  4.4303731e-04  5.6381533e-03 -2.7225355e-03
   2.7339200e-03  2.4122619e-03]]

S: 
[[ 0.96802406  0.53887907  0.79589997  0.46513195  0.00904538  0.64091247
   0.68733676  0.59962524  0.39104081  0.37681944]
 [ 0.53887907 -1.70375443  0.72491681  0.14645844 -0.80497241  0.35271614
   0.93138127  0.75445229  0.16384755  0.27829213]
 [ 0.79589997  0.72491681  0.99548039  0.37867902 -0.64038272  0.4559112
   0.82389959  0.77615325 -0.00729203  0.23061696]
 [ 0.46513195  0.14645844  0.37867902  0.9965869  -0.00928785  0.5193128
   0.28868438  0.07027322  0.2120745   0.4395469 ]
 [ 0.00904538 -0.80497241 -0.64038272 -0.00928785 -1.57632375  0.00250635
  -0.02083969 -0.83508913 -0.03109439  0.30115783]
 [ 0.64091247  0.35271614  0.4559112   0.5193128   0.00250635  0.99945597
   0.48328217  0.39010309  0.59609193  0.66454825]
 [ 0.68733676  0.93138127  0.82389959  0.28868438 -0.02083969  0.48328217
   0.81956431  0.87197102  0.38052273  0.20516294]
 [ 0.59962524  0.75445229  0.77615325  0.07027322 -0.83508913  0.39010309
   0.87197102  0.99626536  0.09874682  0.12237704]
 [ 0.39104081  0.16384755 -0.00729203  0.2120745  -0.03109439  0.59609193
   0.38052273  0.09874682 -1.27216959  0.61087429]
 [ 0.37681944  0.27829213  0.23061696  0.4395469   0.30115783  0.66454825
   0.20516294  0.12237704  0.61087429  0.99758774]]

------------

pcp: 

L: 
[[ 0.42434877  0.44012061  0.57400259  0.3263158  -0.36236741  0.41708195
   0.48396169  0.51186582  0.02165049  0.26668145]
 [ 0.4469821   0.86811966  0.64856928  0.07795911 -0.79991196  0.34537818
   0.82953041  0.84567662  0.05989022  0.10651796]
 [ 0.60025473  0.6869373   0.83282305  0.38599705 -0.61627004  0.48940821
   0.7585379   0.76789155 -0.02533028  0.25266119]
 [ 0.40564978  0.1769602   0.48574481  0.55956554  0.00319449  0.68026655
   0.20932282  0.31757204  0.16087158  0.61439351]
 [-0.46467085 -0.8885755  -0.68883025 -0.05155441  0.86027599 -0.26296385
  -0.87813767 -0.86288849  0.010764   -0.00442288]
 [ 0.39101784  0.34937697  0.456009    0.4977946  -0.09713689  0.80931963
   0.29051694  0.4528393   0.31242896  0.73579449]
 [ 0.43220573  0.73964637  0.6406665   0.08246976 -0.73552422  0.20680493
   0.76375709  0.73345663 -0.05984632 -0.02398536]
 [ 0.54040367  0.85834171  0.75449873  0.24109969 -0.74573592  0.51654162
   0.83705041  0.88068461  0.09430166  0.2729201 ]
 [ 0.07422303  0.14219524  0.04638424  0.16075756  0.03263129  0.43458131
   0.03464982  0.16065758  0.28197957  0.44459748]
 [ 0.25851576  0.11182821  0.24774246  0.5052233   0.16809031  0.81430589
   0.03008252  0.2236003   0.37738385  0.82229939]]

S: 
[[ 0.57565123 -0.          0.21669362  0.          0.08999889  0.
   0.27824418  0.          0.         -0.        ]
 [-0.          0.13188034  0.         -0.         -0.         -0.00661534
   0.10361929  0.          0.          0.09436832]
 [ 0.19044149  0.          0.16717695  0.          0.         -0.00682953
   0.          0.         -0.          0.        ]
 [ 0.         -0.          0.          0.44043446  0.          0.
   0.         -0.24513752 -0.          0.        ]
 [ 0.19230232 -0.          0.          0.          0.13972401 -0.
  -0.         -0.          0.34304459  0.        ]
 [ 0.         -0.         -0.          0.         -0.          0.19068037
  -0.          0.          0.          0.        ]
 [ 0.33000013  0.1552076   0.          0.         -0.         -0.
   0.23624291 -0.          0.36131803 -0.        ]
 [ 0.          0.          0.         -0.16866517 -0.02769519  0.
  -0.          0.11931539 -0.          0.        ]
 [ 0.          0.         -0.         -0.          0.32117731  0.
   0.26682189 -0.          0.71802043  0.12198189]
 [-0.          0.08905808  0.          0.          0.          0.
  -0.          0.          0.22646865  0.17770061]]

------------

M: 
[[ 1.          0.5850203   0.79069622  0.45483254 -0.27236853  0.64206986
   0.76220586  0.59439861  0.3769559   0.37790786]
 [ 0.5850203   1.          0.7091357   0.14474809 -0.77669533  0.33876284
   0.9331497   0.83283313  0.19573644  0.20088629]
 [ 0.79069622  0.7091357   1.          0.38064513 -0.58582237  0.4545497
   0.81028447  0.77727725  0.08571957  0.23087924]
 [ 0.45483254  0.14474809  0.38064513  1.          0.08444108  0.51875109
   0.26387893  0.07243453  0.22512662  0.43881988]
 [-0.27236853 -0.77669533 -0.58582237  0.08444108  1.         -0.0136463
  -0.70214933 -0.77343111  0.3538086   0.27910322]
 [ 0.64206986  0.33876284  0.4545497   0.51875109 -0.0136463   1.
   0.48721294  0.38922292  0.56481493  0.66499129]
 [ 0.76220586  0.9331497   0.81028447  0.26387893 -0.70214933  0.48721294
   1.          0.85600826  0.30147171  0.2108011 ]
 [ 0.59439861  0.83283313  0.77727725  0.07243453 -0.77343111  0.38922292
   0.85600826  1.          0.116281    0.11965451]
 [ 0.3769559   0.19573644  0.08571957  0.22512662  0.3538086   0.56481493
   0.30147171  0.116281    1.          0.61360821]
 [ 0.37790786  0.20088629  0.23087924  0.43881988  0.27910322  0.66499129
   0.2108011   0.11965451  0.61360821  1.        ]]

Relative Error of L : 1.1330324293162715
Relative Error of S: 3.9986025755799566
