DENISE trained 300 epochs with 800000 10x10 rank 3 matrices.
DENISE: 

L: 
 [[ 2.0432915e-03  5.0228748e-02 -9.6936279e-04 -3.9378856e-03
  -5.1509362e-02 -2.8558564e-03  1.0673971e-02  2.9552917e-04
   5.9335912e-03 -9.5414190e-04]
 [ 5.0228748e-02  2.7031188e+00 -1.6860778e-02 -7.1134756e-04
   2.6584473e-02 -1.2223454e-02  7.0262109e-03  7.8143522e-02
   2.9892001e-02 -7.4980490e-02]
 [-9.6936279e-04 -1.6860778e-02  3.7068604e-03  3.6975276e-03
   5.1293124e-02  1.2648964e-03 -1.0271573e-02  1.0744454e-03
   8.1446573e-02  3.3332236e-04]
 [-3.9378856e-03 -7.1134756e-04  3.6975276e-03  1.4464216e-02
   1.9272548e-01  9.1420757e-03 -3.8989648e-02  4.4440492e-03
   1.7216552e-02 -1.4794861e-03]
 [-5.1509362e-02  2.6584473e-02  5.1293124e-02  1.9272548e-01
   2.5703142e+00  1.2068641e-01 -5.1967233e-01  6.0616121e-02
   2.9513222e-01 -2.0504305e-02]
 [-2.8558564e-03 -1.2223454e-02  1.2648964e-03  9.1420757e-03
   1.2068641e-01  6.3224104e-03 -2.4548016e-02  2.2858628e-03
  -2.2507150e-02 -7.1515888e-04]
 [ 1.0673971e-02  7.0262109e-03 -1.0271573e-02 -3.8989648e-02
  -5.1967233e-01 -2.4548016e-02  1.0513792e-01 -1.1874574e-02
  -5.4281849e-02  3.8207357e-03]
 [ 2.9552917e-04  7.8143522e-02  1.0744454e-03  4.4440492e-03
   6.0616121e-02  2.2858628e-03 -1.1874574e-02  3.7040720e-03
   1.8437430e-02 -2.5909257e-03]
 [ 5.9335912e-03  2.9892001e-02  8.1446573e-02  1.7216552e-02
   2.9513222e-01 -2.2507150e-02 -5.4281849e-02  1.8437430e-02
   2.2644887e+00  4.6021030e-03]
 [-9.5414190e-04 -7.4980490e-02  3.3332236e-04 -1.4794861e-03
  -2.0504305e-02 -7.1515888e-04  3.8207357e-03 -2.5909257e-03
   4.6021030e-03  2.2584554e-03]]

S: 
[[ 9.97956709e-01  4.40344534e-01  8.20357770e-01  2.57395735e-01
   9.09603209e-03  6.39019918e-01  7.08401867e-01  4.94245656e-01
   4.55000599e-01  3.33146468e-01]
 [ 4.40344534e-01 -1.70311880e+00  6.00537750e-01 -2.77112581e-01
  -6.50405313e-01  4.64970701e-01  9.05253940e-01  7.63623526e-01
   4.71821058e-01  2.63816588e-02]
 [ 8.20357770e-01  6.00537750e-01  9.96293140e-01  2.38681503e-01
  -3.10272638e-01  4.68716333e-01  7.71073277e-01  5.86757136e-01
   2.30236342e-01  1.60642017e-01]
 [ 2.57395735e-01 -2.77112581e-01  2.38681503e-01  9.85535784e-01
  -1.17018392e-02  4.51798856e-02  9.59528006e-04 -2.61220923e-01
  -2.58337263e-01  5.75691216e-01]
 [ 9.09603209e-03 -6.50405313e-01 -3.10272638e-01 -1.17018392e-02
  -1.57031417e+00  4.04616357e-03 -2.04003262e-02 -6.64147974e-01
  -3.08362159e-02  5.18179489e-01]
 [ 6.39019918e-01  4.64970701e-01  4.68716333e-01  4.51798856e-02
   4.04616357e-03  9.93677590e-01  5.69354592e-01  4.45574969e-01
   7.36613020e-01  4.31662617e-01]
 [ 7.08401867e-01  9.05253940e-01  7.71073277e-01  9.59528006e-04
  -2.04003262e-02  5.69354592e-01  8.94862078e-01  8.56754617e-01
   5.64822373e-01  8.98190019e-02]
 [ 4.94245656e-01  7.63623526e-01  5.86757136e-01 -2.61220923e-01
  -6.64147974e-01  4.45574969e-01  8.56754617e-01  9.96295928e-01
   4.25568268e-01 -1.58936339e-01]
 [ 4.55000599e-01  4.71821058e-01  2.30236342e-01 -2.58337263e-01
  -3.08362159e-02  7.36613020e-01  5.64822373e-01  4.25568268e-01
  -1.26448870e+00  3.48044594e-01]
 [ 3.33146468e-01  2.63816588e-02  1.60642017e-01  5.75691216e-01
   5.18179489e-01  4.31662617e-01  8.98190019e-02 -1.58936339e-01
   3.48044594e-01  9.97741545e-01]]

------------

pcp: 

L: 
[[ 0.79596235  0.46994628  0.73170371  0.25772168 -0.04524681  0.64437112
   0.70485332  0.48345018  0.46772606  0.34727176]
 [ 0.50181259  0.92087685  0.58452455 -0.241447   -0.53854343  0.45924482
   0.918632    0.86138261  0.52077609 -0.02157941]
 [ 0.69005549  0.56864257  0.73221445  0.20914432 -0.30673133  0.47324344
   0.76973366  0.56745164  0.29437696  0.15283423]
 [ 0.26970591 -0.26932067  0.25999268  0.54636756  0.19481607  0.05796314
  -0.018867   -0.28951591 -0.22774862  0.25897076]
 [-0.03194851 -0.55000318 -0.27455623  0.19840861  0.79039486  0.16307017
  -0.49211871 -0.59048216  0.16778675  0.48852624]
 [ 0.61874136  0.45272549  0.47559022  0.01300678  0.14355949  0.6820996
   0.55942394  0.41539425  0.68491107  0.42021554]
 [ 0.69179085  0.91376587  0.76941312 -0.04250303 -0.50469113  0.55818981
   1.01900541  0.85064173  0.50733605  0.09222805]
 [ 0.51033775  0.85297296  0.58177586 -0.26698067 -0.58168798  0.42079136
   0.84933064  0.92725464  0.46314679 -0.15865282]
 [ 0.47154365  0.51662191  0.29960518 -0.23096883  0.17025129  0.68015364
   0.50410166  0.45987757  0.83262303  0.38392042]
 [ 0.33960657 -0.0417788   0.17358705  0.24907534  0.48947711  0.43457509
   0.09793781 -0.18106311  0.37969081  0.57555942]]

S: 
[[ 0.20403765 -0.          0.0876847   0.          0.          0.
   0.          0.          0.         -0.        ]
 [-0.          0.07912315  0.         -0.         -0.08527741  0.
   0.         -0.          0.          0.        ]
 [ 0.12933292  0.          0.26778555  0.          0.         -0.
   0.          0.         -0.         -0.        ]
 [ 0.         -0.          0.          0.45363244 -0.01379243  0.
  -0.         -0.         -0.          0.31524097]
 [ 0.         -0.07381766  0.         -0.01738496  0.20960514 -0.
  -0.04795395 -0.          0.09650926  0.        ]
 [ 0.          0.         -0.          0.         -0.          0.3179004
  -0.          0.          0.02653185  0.        ]
 [ 0.          0.          0.         -0.         -0.03538153 -0.
   0.         -0.          0.          0.        ]
 [ 0.         -0.          0.         -0.         -0.          0.
  -0.          0.07274536  0.         -0.        ]
 [ 0.          0.         -0.         -0.          0.09404471  0.0260292
   0.          0.          0.16737697  0.        ]
 [-0.          0.         -0.          0.32513639  0.          0.
   0.         -0.          0.          0.42444058]]

------------

M: 
[[ 1.          0.49057328  0.81938841  0.25345785 -0.04241333  0.63616406
   0.71907584  0.49454119  0.46093419  0.33219233]
 [ 0.49057328  1.          0.58367697 -0.27782393 -0.62382084  0.45274725
   0.91228015  0.84176705  0.50171306 -0.04859883]
 [ 0.81938841  0.58367697  1.          0.24237903 -0.25897951  0.46998123
   0.7608017   0.58783158  0.31168292  0.16097534]
 [ 0.25345785 -0.27782393  0.24237903  1.          0.18102364  0.05432196
  -0.03803012 -0.25677687 -0.24112071  0.57421173]
 [-0.04241333 -0.62382084 -0.25897951  0.18102364  1.          0.12473258
  -0.54007266 -0.60353185  0.264296    0.49767518]
 [ 0.63616406  0.45274725  0.46998123  0.05432196  0.12473258  1.
   0.54480658  0.44786083  0.71410587  0.43094746]
 [ 0.71907584  0.91228015  0.7608017  -0.03803012 -0.54007266  0.54480658
   1.          0.84488004  0.51054052  0.09363974]
 [ 0.49454119  0.84176705  0.58783158 -0.25677687 -0.60353185  0.44786083
   0.84488004  1.          0.4440057  -0.16152726]
 [ 0.46093419  0.50171306  0.31168292 -0.24112071  0.264296    0.71410587
   0.51054052  0.4440057   1.          0.3526467 ]
 [ 0.33219233 -0.04859883  0.16097534  0.57421173  0.49767518  0.43094746
   0.09363974 -0.16152726  0.3526467   1.        ]]

Relative Error of L : 1.09805849845865
Relative Error of S: 5.787702856177172
