DENISE trained 300 epochs with 800000 10x10 rank 3 matrices.
DENISE: 

L: 
 [[ 2.1328278e-02  4.7067016e-02 -4.1581485e-03 -8.1333881e-03
  -2.2798814e-01 -5.0106510e-03  6.0527708e-02 -3.9566420e-03
  -8.2819685e-03  5.5717822e-04]
 [ 4.7067016e-02  2.7032351e+00 -1.5702669e-02 -1.8624464e-03
   2.8090859e-02 -1.2528112e-02  2.1293515e-03  7.8033939e-02
   3.1743150e-02 -7.7115536e-02]
 [-4.1581485e-03 -1.5702669e-02  4.2585474e-03  1.9012560e-03
   5.3220462e-02 -1.3780809e-04 -1.3393988e-02  1.1226273e-03
   8.9638621e-02  2.9144844e-04]
 [-8.1333881e-03 -1.8624464e-03  1.9012560e-03  3.2380861e-03
   9.1277398e-02  1.7856609e-03 -2.4094788e-02  2.1048211e-03
   1.2611991e-02 -6.7621970e-04]
 [-2.2798814e-01  2.8090859e-02  5.3220462e-02  9.1277398e-02
   2.5753953e+00  4.9967054e-02 -6.7953634e-01  6.1701998e-02
   3.5835403e-01 -2.1367807e-02]
 [-5.0106510e-03 -1.2528112e-02 -1.3780809e-04  1.7856609e-03
   4.9967054e-02  1.5424787e-03 -1.3518482e-02  6.9496746e-04
  -2.6811875e-02 -1.5285207e-04]
 [ 6.0527708e-02  2.1293515e-03 -1.3393988e-02 -2.4094788e-02
  -6.7953634e-01 -1.3518482e-02  1.7949706e-01 -1.5935078e-02
  -7.5446226e-02  5.4289075e-03]
 [-3.9566420e-03  7.8033939e-02  1.1226273e-03  2.1048211e-03
   6.1701998e-02  6.9496746e-04 -1.5935078e-02  3.7245634e-03
   1.7825151e-02 -2.6847504e-03]
 [-8.2819685e-03  3.1743150e-02  8.9638621e-02  1.2611991e-02
   3.5835403e-01 -2.6811875e-02 -7.5446226e-02  1.7825151e-02
   2.2686009e+00  3.5001996e-03]
 [ 5.5717822e-04 -7.7115536e-02  2.9144844e-04 -6.7621970e-04
  -2.1367807e-02 -1.5285207e-04  5.4289075e-03 -2.6847504e-03
   3.5001996e-03  2.3879344e-03]]

S: 
[[ 0.97867172  0.51365703  0.79863649  0.48084656  0.00805079  0.64276823
   0.68414864  0.56887806  0.43039366  0.34620899]
 [ 0.51365703 -1.70323515  0.70072833  0.15321996 -0.7947442   0.31425853
   0.9333165   0.7588093   0.19494686  0.17237903]
 [ 0.79863649  0.70072833  0.99574145  0.42709289 -0.56379652  0.45341367
   0.82253071  0.72784525  0.07716577  0.16901115]
 [ 0.48084656  0.15321996  0.42709289  0.99676191 -0.00960389  0.52744226
   0.28855113  0.08830771  0.20535499  0.45559143]
 [ 0.00805079 -0.7947442  -0.56379652 -0.00960389 -1.57539535  0.00209099
  -0.02050651 -0.82884655 -0.03092381  0.45451094]
 [ 0.64276823  0.31425853  0.45341367  0.52744226  0.00209099  0.99845752
   0.46688741  0.34480267  0.62737563  0.66442743]
 [ 0.68414864  0.9333165   0.82253071  0.28855113 -0.02050651  0.46688741
   0.82050294  0.89057547  0.39401693  0.11783746]
 [ 0.56887806  0.7588093   0.72784525  0.08830771 -0.82884655  0.34480267
   0.89057547  0.99627544  0.16129982 -0.02785057]
 [ 0.43039366  0.19494686  0.07716577  0.20535499 -0.03092381  0.62737563
   0.39401693  0.16129982 -1.26860094  0.67109615]
 [ 0.34620899  0.17237903  0.16901115  0.45559143  0.45451094  0.66442743
   0.11783746 -0.02785057  0.67109615  0.99761207]]

------------

pcp: 

L: 
[[ 0.80980244  0.58925241  0.8332052   0.47605537 -0.33563574  0.63178744
   0.7003587   0.59415463  0.40175334  0.34826514]
 [ 0.47740091  0.91695612  0.67278564  0.0626623  -0.71565827  0.27343456
   0.92505692  0.83365971  0.18273976 -0.12267059]
 [ 0.70994792  0.70214647  0.84944997  0.40727247 -0.46251133  0.49288719
   0.79586794  0.67339483  0.21533934  0.15461634]
 [ 0.55154549  0.03693917  0.47169758  0.48445581  0.10281     0.48386004
   0.15445024  0.09372259  0.26761001  0.43208552]
 [-0.08053632 -0.89610361 -0.42356474  0.19812586  0.79421922  0.11816656
  -0.84124806 -0.76373862  0.18648766  0.50164999]
 [ 0.72905537  0.14425941  0.5483014   0.49626834  0.04839904  0.67373403
   0.26346329  0.21365627  0.55521829  0.59362882]
 [ 0.74532776  0.94855891  0.87768643  0.26365113 -0.67833404  0.51984093
   1.00519149  0.89315585  0.36843075  0.1003201 ]
 [ 0.65696048  0.91878974  0.79035419  0.19093021 -0.67315284  0.44845988
   0.95795607  0.85824324  0.33610031  0.0478717 ]
 [ 0.32588417  0.18206824  0.24143982  0.13493293 -0.08555018  0.30047245
   0.2131785   0.19871431  0.31900173  0.22779389]
 [ 0.46659468 -0.0531148   0.3028526   0.37155111  0.16318114  0.45728657
   0.03740799  0.0134473   0.37252591  0.46491173]]

S: 
[[ 0.19019756 -0.          0.          0.          0.02563809  0.
   0.04431765  0.          0.         -0.00149897]
 [-0.          0.08304388  0.          0.         -0.         -0.
   0.          0.          0.          0.21793409]
 [ 0.0782009   0.          0.15055003  0.          0.         -0.
   0.          0.         -0.04853495  0.        ]
 [ 0.          0.          0.          0.51554419 -0.          0.04536788
  -0.         -0.00331006 -0.04964302  0.02282969]
 [ 0.         -0.          0.         -0.          0.20578078 -0.06610852
  -0.         -0.00340594  0.14094256  0.        ]
 [ 0.         -0.         -0.          0.02886285 -0.          0.32626597
  -0.          0.02695796  0.          0.        ]
 [ 0.          0.          0.         -0.         -0.         -0.
   0.         -0.          0.         -0.        ]
 [ 0.          0.          0.         -0.10051768 -0.09399171  0.
  -0.          0.14175676  0.         -0.        ]
 [ 0.          0.         -0.         -0.          0.4129804   0.
   0.          0.          0.68099827  0.41259741]
 [-0.11982851  0.1483783   0.          0.08336409  0.          0.
  -0.         -0.          0.30207044  0.53508827]]

------------

M: 
[[ 1.          0.56072405  0.79447834  0.47271317 -0.21993735  0.63775758
   0.74467635  0.56492142  0.42211169  0.34676617]
 [ 0.56072405  1.          0.68502566  0.15135751 -0.76665334  0.30173041
   0.93544585  0.83684324  0.22669001  0.0952635 ]
 [ 0.79447834  0.68502566  1.          0.42899415 -0.51057606  0.45327586
   0.80913672  0.72896788  0.16680439  0.1693026 ]
 [ 0.47271317  0.15135751  0.42899415  1.          0.08167351  0.52922792
   0.26445634  0.09041253  0.21796698  0.45491521]
 [-0.21993735 -0.76665334 -0.51057606  0.08167351  1.          0.05205804
  -0.70004285 -0.76714456  0.32743022  0.43314313]
 [ 0.63775758  0.30173041  0.45327586  0.52922792  0.05205804  1.
   0.45336892  0.34549764  0.60056376  0.66427458]
 [ 0.74467635  0.93544585  0.80913672  0.26445634 -0.70004285  0.45336892
   1.          0.87464039  0.3185707   0.12326636]
 [ 0.56492142  0.83684324  0.72896788  0.09041253 -0.76714456  0.34549764
   0.87464039  1.          0.17912497 -0.03053532]
 [ 0.42211169  0.22669001  0.16680439  0.21796698  0.32743022  0.60056376
   0.3185707   0.17912497  1.          0.67459635]
 [ 0.34676617  0.0952635   0.1693026   0.45491521  0.43314313  0.66427458
   0.12326636 -0.03053532  0.67459635  1.        ]]

Relative Error of L : 1.1197234554469884
Relative Error of S: 4.422307846130515
