DENISE trained 10 epochs with 800000 10x10 rank 3 matrices.
DENISE: 

L: 
 [[ 2.0385857  -0.0939704   0.01810301  0.3208525   0.07499315  0.04019857
   0.05851848  0.0163299  -0.07560404 -0.05409183]
 [-0.0939704   0.43161112  0.05150685 -0.46696138 -0.64637053 -0.12273955
   0.22234699  0.3352299  -0.15241869 -0.26999587]
 [ 0.01810301  0.05150685  0.04643522  0.2164184  -0.16398174 -0.02700534
   0.04891425  0.07216848 -0.04527503 -0.07475889]
 [ 0.3208525  -0.46696138  0.2164184   2.3437247   0.11264855  0.04955327
  -0.08842256 -0.14472868 -0.0190033   0.00389919]
 [ 0.07499315 -0.64637053 -0.16398174  0.11264855  1.1551986   0.21042238
  -0.38133964 -0.57144773  0.28675845  0.49613994]
 [ 0.04019857 -0.12273955 -0.02700534  0.04955327  0.21042238  0.03894762
  -0.06907494 -0.10445523  0.05065008  0.0889066 ]
 [ 0.05851848  0.22234699  0.04891425 -0.08842256 -0.38133964 -0.06907494
   0.13109009  0.19355431 -0.09760918 -0.16643873]
 [ 0.0163299   0.3352299   0.07216848 -0.14472868 -0.57144773 -0.10445523
   0.19355431  0.2882237  -0.14294651 -0.246368  ]
 [-0.07560404 -0.15241869 -0.04527503 -0.0190033   0.28675845  0.05065008
  -0.09760918 -0.14294651  0.0760087   0.12759925]
 [-0.05409183 -0.26999587 -0.07475889  0.00389919  0.49613994  0.0889066
  -0.16643873 -0.246368    0.12759925  0.21717206]]

S: 
[[-1.03858566  0.48917636  0.76804667 -0.1055496   0.01119631  0.57872665
   0.60139061  0.41387694  0.50027346  0.44290243]
 [ 0.48917636  0.56838888  0.46381332  0.05601213  0.11239121  0.59283094
   0.6721104   0.49595155  0.71273462  0.19959461]
 [ 0.76804667  0.46381332  0.95356478 -0.05437708  0.01823772  0.48816818
   0.66400267  0.47223635  0.3561329   0.27088394]
 [-0.1055496   0.05601213 -0.05437708 -1.34372473  0.0375461  -0.1249869
  -0.04483532 -0.18914781 -0.38286028  0.5837168 ]
 [ 0.01119631  0.11239121  0.01823772  0.0375461  -0.15519857 -0.02156776
  -0.07341067  0.02760681  0.01793184 -0.02038701]
 [ 0.57872665  0.59283094  0.48816818 -0.1249869  -0.02156776  0.96105238
   0.62545916  0.55687698  0.67381155  0.30039291]
 [ 0.60139061  0.6721104   0.66400267 -0.04483532 -0.07341067  0.62545916
   0.86890991  0.646995    0.63548854  0.28605957]
 [ 0.41387694  0.49595155  0.47223635 -0.18914781  0.02760681  0.55687698
   0.646995    0.71177629  0.61235133  0.07479348]
 [ 0.50027346  0.71273462  0.3561329  -0.38286028  0.01793184  0.67381155
   0.63548854  0.61235133  0.9239913   0.12270888]
 [ 0.44290243  0.19959461  0.27088394  0.5837168  -0.02038701  0.30039291
   0.28605957  0.07479348  0.12270888  0.78282794]]

------------

pcp: 

L: 
[[ 0.79621732  0.39740988  0.66875252  0.22491043  0.08172316  0.61493068
   0.65534161  0.43611677  0.42463075  0.39136517]
 [ 0.39728439  0.9077118   0.49760196 -0.38184569 -0.47590199  0.46059322
   0.88381561  0.83097356  0.5671565  -0.06598368]
 [ 0.66500383  0.49496472  0.64131184  0.15263821 -0.1787402   0.46525805
   0.70778588  0.53382498  0.310464    0.1993404 ]
 [ 0.22404069 -0.38243061  0.1502829   0.60514898  0.19782063 -0.07234869
  -0.13156131 -0.33558107 -0.3524519   0.26802754]
 [ 0.0788318  -0.48466431 -0.18559295  0.19807672  0.7801377   0.19183312
  -0.43058769 -0.53915899  0.1377529   0.47995734]
 [ 0.61522488  0.46405176  0.46829621 -0.07461822  0.19370004  0.66677461
   0.5707157   0.40908761  0.64169975  0.38257055]
 [ 0.65188185  0.8919487   0.71173308 -0.13427772 -0.43145356  0.56542346
   1.01002343  0.84569482  0.53525796  0.08730645]
 [ 0.43520486  0.83257362  0.53861937 -0.33613139 -0.53264352  0.40781606
   0.84139832  0.89273285  0.46884589 -0.17552097]
 [ 0.42381795  0.56699334  0.31267104 -0.35372257  0.13743844  0.63669981
   0.5354357   0.46961405  0.75548406  0.25409262]
 [ 0.39238793 -0.06675337  0.19957157  0.26982494  0.47598984  0.37973131
   0.09221059 -0.17387028  0.2542269   0.52698235]]

S: 
[[ 0.20378268 -0.          0.11739716  0.          0.          0.
   0.          0.         -0.         -0.        ]
 [-0.          0.0922882   0.01771821 -0.02910356 -0.05807732  0.
   0.01064179 -0.          0.          0.        ]
 [ 0.12114586  0.02035546  0.35868816  0.          0.03299618 -0.
   0.          0.         -0.         -0.        ]
 [ 0.         -0.02851864  0.          0.39485102 -0.04762598  0.
   0.         -0.         -0.04941168  0.31958845]
 [ 0.         -0.049315    0.03984894 -0.04788207  0.2198623  -0.
  -0.02416263 -0.          0.16693739  0.        ]
 [ 0.          0.         -0.          0.         -0.          0.33322539
  -0.          0.04333414  0.08276188  0.        ]
 [ 0.          0.          0.          0.         -0.02329675 -0.
   0.          0.          0.          0.03231439]
 [ 0.         -0.          0.         -0.         -0.0111974   0.04460569
   0.          0.10726715  0.         -0.        ]
 [-0.          0.         -0.         -0.04814101  0.16725185  0.08776182
   0.          0.          0.24451594  0.        ]
 [-0.          0.         -0.          0.31779105  0.          0.
   0.02741025 -0.          0.          0.47301765]]

------------

M: 
[[ 1.          0.39520595  0.78614968  0.21530289  0.08618946  0.61892523
   0.65990909  0.43020684  0.42466942  0.38881061]
 [ 0.39520595  1.          0.51532017 -0.41094925 -0.53397932  0.47009138
   0.89445739  0.83118146  0.56031593 -0.07040126]
 [ 0.78614968  0.51532017  1.          0.16204132 -0.14574401  0.46116284
   0.71291692  0.54440484  0.31085787  0.19612505]
 [ 0.21530289 -0.41094925  0.16204132  1.          0.15019465 -0.07543363
  -0.13325787 -0.33387649 -0.40186358  0.58761599]
 [ 0.08618946 -0.53397932 -0.14574401  0.15019465  1.          0.18885462
  -0.45475031 -0.54384092  0.30469029  0.47575293]
 [ 0.61892523  0.47009138  0.46116284 -0.07543363  0.18885462  1.
   0.55638423  0.45242175  0.72446163  0.38929952]
 [ 0.65990909  0.89445739  0.71291692 -0.13325787 -0.45475031  0.55638423
   1.          0.84054931  0.53787937  0.11962084]
 [ 0.43020684  0.83118146  0.54440484 -0.33387649 -0.54384092  0.45242175
   0.84054931  1.          0.46940482 -0.17157453]
 [ 0.42466942  0.56031593  0.31085787 -0.40186358  0.30469029  0.72446163
   0.53787937  0.46940482  1.          0.25030813]
 [ 0.38881061 -0.07040126  0.19612505  0.58761599  0.47575293  0.38929952
   0.11962084 -0.17157453  0.25030813  1.        ]]

Relative Error of L : 0.9562064534207624
Relative Error of S: 4.483215853175637
